// C- FILEN:

#include <eZ8.h>
#include <sio.h>
#include "ascii.h"


const char velkommen[19][16]  ={

 {32,32,32,32,32,32,32,32,32,32,32,32,32,32,32,46},
 {95,95,32,32,32,32,32,32,32,32,32,32,32,32,32,32},
 {32,32,32,32,32,32,32,32,32,32,32,32,32,32,32,32},
 {32,13,10,95,95,32,32,95,32,32,95,95,32,95,95,95},
 {95,32,124,32,32,124,32,32,32,95,95,95,95,32,32,95},
 {95,95,95,32,32,32,95,95,95,95,95,32,32,32,95,95},
 {95,95,32,32,13,10,92,32,92,47,32,92,47,32,47,47},
 {32,95,95,32,92,124,32,32,124,32,95,47,32,95,95,95},
 {92,47,32,32,95,32,92,32,47,32,32,32,32,32,92,95},
 {47,32,95,95,32,92,32,13,10,32,92,32,32,32,32,32},
 {47,92,32,32,95,95,95,47,124,32,32,124,95,92,32,32},
 {92,95,95,40,32,32,60,95,62,32,41,32,32,89,32,89},
 {32,32,92,32,32,95,95,95,47,32,13,10,32,32,92,47},
 {92,95,47,32,32,92,95,95,95,32,32,62,95,95,95,95},
 {47,92,95,95,95,32,32,62,95,95,95,95,47,124,95,95},
 {124,95,124,32,32,47,92,95,95,95,32,32,62,13,10,32},
 {32,32,32,32,32,32,32,32,32,32,32,32,92,47,32,32},
 {32,32,32,32,32,32,32,32,92,47,32,32,32,32,32,32},
 {32,32,32,32,32,32,92,47,32,32,32,32,32,92,47,32}
};

// Main C Filen

#include <eZ8.h>
#include <sio.h>
#include "ascii.h"

void main(){

	printf("%c",velkommen[10][10]);

	while(1);

	
}

//Header Filen:
#include <eZ8.h>
#include <sio.h>

extern const char velkommen[19][16];



